_viz_0 = nengo_gui.components.Raster(x)
_viz_config[_viz_0].label_visible = True
_viz_config[_viz_0].width = 0.10277492291880781
_viz_config[_viz_0].y = 0.6618773946360152
_viz_config[_viz_0].x = 0.8286617459279337
_viz_config[_viz_0].n_neurons = 10
_viz_config[_viz_0].height = 0.19157088122605365
_viz_1 = nengo_gui.components.Value(x)
_viz_config[_viz_1].synapse = 0.01
_viz_config[_viz_1].max_value = 1
_viz_config[_viz_1].min_value = -1
_viz_config[_viz_1].legend_labels = [u'label_0']
_viz_config[_viz_1].height = 0.19157088122605365
_viz_config[_viz_1].label_visible = True
_viz_config[_viz_1].width = 0.10277492291880781
_viz_config[_viz_1].show_legend = False
_viz_config[_viz_1].y = 0.25766283524904093
_viz_config[_viz_1].x = 0.829689495157122
_viz_2 = nengo_gui.components.Value(input)
_viz_config[_viz_2].synapse = 0.01
_viz_config[_viz_2].max_value = 1
_viz_config[_viz_2].min_value = -1
_viz_config[_viz_2].legend_labels = [u'label_0']
_viz_config[_viz_2].height = 0.17337164020172938
_viz_config[_viz_2].label_visible = True
_viz_config[_viz_2].width = 0.1079136690647482
_viz_config[_viz_2].show_legend = False
_viz_config[_viz_2].y = 0.19712643678160896
_viz_config[_viz_2].x = 0.14963094459497311
_viz_4 = nengo_gui.components.Slider(input)
_viz_config[_viz_4].label_visible = True
_viz_config[_viz_4].width = 0.051387461459403906
_viz_config[_viz_4].x = 0.14857844772335296
_viz_config[_viz_4].y = 0.6221548073425336
_viz_config[_viz_4].max_value = 1
_viz_config[_viz_4].min_value = -1
_viz_config[_viz_4].height = 0.17337164750957854
_viz_ace_editor = nengo_gui.components.AceEditor()
_viz_net_graph = nengo_gui.components.NetGraph()
_viz_sim_control = nengo_gui.components.SimControl()
_viz_config[_viz_sim_control].kept_time = 4.0
_viz_config[_viz_sim_control].shown_time = 0.5
_viz_config[input].pos=(0.14815160858326318, 0.6735537190082654)
_viz_config[input].size=(0.09808776355538941, 0.2)
_viz_config[model].pos=(0.029152602771059466, 0.051468151167020096)
_viz_config[model].size=(0.9556962965264613, 0.9556962965264613)
_viz_config[model].expanded=True
_viz_config[model].has_layout=True
_viz_config[x].pos=(0.5486779407642745, 0.671487603305786)
_viz_config[x].size=(0.08717711545049715, 0.17525482093663994)