_viz_0 = nengo_gui.components.Slider(cos)
_viz_config[_viz_0].label_visible = True
_viz_config[_viz_0].width = 0.051387461459403906
_viz_config[_viz_0].x = 0.15744913326748294
_viz_config[_viz_0].y = 0.2675779609619647
_viz_config[_viz_0].max_value = 1
_viz_config[_viz_0].min_value = -1
_viz_config[_viz_0].height = 0.12260536398467432
_viz_3 = nengo_gui.components.Value(x)
_viz_config[_viz_3].label_visible = True
_viz_config[_viz_3].width = 0.10277492291880781
_viz_config[_viz_3].x = 0.9563240524241664
_viz_config[_viz_3].y = 0.21346874475112512
_viz_config[_viz_3].max_value = 1
_viz_config[_viz_3].min_value = -1
_viz_config[_viz_3].height = 0.19157088122605365
_viz_4 = nengo_gui.components.XYValue(x)
_viz_config[_viz_4].index_x = 0
_viz_config[_viz_4].index_y = 1
_viz_config[_viz_4].max_value = 1
_viz_config[_viz_4].min_value = -1
_viz_config[_viz_4].height = 0.19157088122605365
_viz_config[_viz_4].label_visible = True
_viz_config[_viz_4].width = 0.10277492291880781
_viz_config[_viz_4].y = 0.6866488213794786
_viz_config[_viz_4].x = 0.9614917320223004
_viz_5 = nengo_gui.components.Slider(sin)
_viz_config[_viz_5].label_visible = True
_viz_config[_viz_5].width = 0.051387461459403906
_viz_config[_viz_5].x = 0.16243787159204243
_viz_config[_viz_5].y = 0.685355028761505
_viz_config[_viz_5].max_value = 1
_viz_config[_viz_5].min_value = -1
_viz_config[_viz_5].height = 0.11877394636015326
_viz_6 = nengo_gui.components.Value(cos)
_viz_config[_viz_6].label_visible = True
_viz_config[_viz_6].width = 0.09506680369989723
_viz_config[_viz_6].x = 0.6803371664602977
_viz_config[_viz_6].y = 0.22905230343410674
_viz_config[_viz_6].max_value = 1
_viz_config[_viz_6].min_value = -1
_viz_config[_viz_6].height = 0.17624520342012018
_viz_7 = nengo_gui.components.Value(sin)
_viz_config[_viz_7].label_visible = True
_viz_config[_viz_7].width = 0.09352519553832381
_viz_config[_viz_7].x = 0.690144485895704
_viz_config[_viz_7].y = 0.7303586229725564
_viz_config[_viz_7].max_value = 1
_viz_config[_viz_7].min_value = -1
_viz_config[_viz_7].height = 0.17049808429118773
_viz_ace_editor = nengo_gui.components.AceEditor()
_viz_net_graph = nengo_gui.components.NetGraph()
_viz_sim_control = nengo_gui.components.SimControl()
_viz_config[_viz_sim_control].kept_time = 4.0
_viz_config[_viz_sim_control].shown_time = 0.5
_viz_config[cos].pos=(0.158683206004854, 0.29482572763205167)
_viz_config[cos].size=(0.09268484673910363, 0.1489399928135105)
_viz_config[model].pos=(-0.012575869799372974, 0.02104806676576866)
_viz_config[model].size=(0.9067702162817995, 0.9067702162817995)
_viz_config[model].expanded=True
_viz_config[model].has_layout=True
_viz_config[sin].pos=(0.15728561783718234, 0.7427892113138089)
_viz_config[sin].size=(0.09192126818026093, 0.14480776140855187)
_viz_config[x].pos=(0.5042331252103648, 0.4927395121394793)
_viz_config[x].size=(0.15151515151515152, 0.10869565217391303)