_viz_0 = nengo_gui.components.ValueTemplate(b)
_viz_config[_viz_0].label_visible = 1
_viz_config[_viz_0].width = 0.121642
_viz_config[_viz_0].x = 0.864868
_viz_config[_viz_0].y = 0.640154
_viz_config[_viz_0].max_value = 1
_viz_config[_viz_0].min_value = -1
_viz_config[_viz_0].height = 0.161162
_viz_1 = nengo_gui.components.ValueTemplate(a)
_viz_config[_viz_1].label_visible = 1
_viz_config[_viz_1].width = 0.129851
_viz_config[_viz_1].x = 0.481815
_viz_config[_viz_1].y = 0.646459
_viz_config[_viz_1].max_value = 1
_viz_config[_viz_1].min_value = -1
_viz_config[_viz_1].height = 0.173121
_viz_2 = nengo_gui.components.SliderTemplate(stim)
_viz_config[_viz_2].label_visible = 1
_viz_config[_viz_2].width = 0.0615672
_viz_config[_viz_2].x = 0.126472
_viz_config[_viz_2].y = 0.625268
_viz_config[_viz_2].max_value = 1
_viz_config[_viz_2].min_value = -1
_viz_config[_viz_2].height = 0.179954
_viz_3 = nengo_gui.components.RasterTemplate(a)
_viz_config[_viz_3].label_visible = 1
_viz_config[_viz_3].width = 0.114925
_viz_config[_viz_3].x = 0.468383
_viz_config[_viz_3].y = -0.0158418
_viz_config[_viz_3].height = 0.157745
_viz_4 = nengo_gui.components.RasterTemplate(b)
_viz_config[_viz_4].label_visible = 1
_viz_config[_viz_4].width = 0.117537
_viz_config[_viz_4].x = 0.854323
_viz_config[_viz_4].y = -0.00673016
_viz_config[_viz_4].height = 0.158884
_viz_ace_editor = nengo_gui.components.AceEditorTemplate()
_viz_net_graph = nengo_gui.components.NetGraphTemplate()
_viz_sim_control = nengo_gui.components.SimControlTemplate()
_viz_config[_viz_sim_control].kept_time = 4
_viz_config[_viz_sim_control].shown_time = 0.5
_viz_config[a].pos=(0.48113207547169806, 0.3030303030303031)
_viz_config[a].size=(0.09433962264150943, 0.15151515151515155)
_viz_config[b].pos=(0.8584905660377359, 0.3030303030303031)
_viz_config[b].size=(0.09433962264150943, 0.15151515151515155)
_viz_config[model].pos=(-0.019402985074626844, 0.18564920273348517)
_viz_config[model].size=(0.9999999999999997, 0.9999999999999997)
_viz_config[model].expanded=True
_viz_config[model].has_layout=True
_viz_config[slowdown].pos=(0.1156716417910446, 0.10255746531373007)
_viz_config[slowdown].size=(0.02485648679678531, 0.023831711189342263)
_viz_config[stim].pos=(0.12264150943396226, 0.3030303030303031)
_viz_config[stim].size=(0.07547169811320754, 0.12121212121212124)