_viz_0 = nengo_gui.components.ValueTemplate(part2.output)
_viz_config[_viz_0].label_visible = 1
_viz_config[_viz_0].width = 0.428075
_viz_config[_viz_0].x = 2.48239
_viz_config[_viz_0].y = 0.546501
_viz_config[_viz_0].max_value = 1
_viz_config[_viz_0].min_value = -1
_viz_config[_viz_0].height = 0.786605
_viz_1 = nengo_gui.components.SliderTemplate(stim_a)
_viz_config[_viz_1].label_visible = 1
_viz_config[_viz_1].width = 0.320107
_viz_config[_viz_1].x = -1.17343
_viz_config[_viz_1].y = -0.572833
_viz_config[_viz_1].max_value = 1
_viz_config[_viz_1].min_value = -1
_viz_config[_viz_1].height = 0.783996
_viz_2 = nengo_gui.components.SliderTemplate(stim_b)
_viz_config[_viz_2].label_visible = 1
_viz_config[_viz_2].width = 0.296754
_viz_config[_viz_2].x = -1.24933
_viz_config[_viz_2].y = 1.78268
_viz_config[_viz_2].max_value = 1
_viz_config[_viz_2].min_value = -1
_viz_config[_viz_2].height = 0.891874
_viz_ace_editor = nengo_gui.components.AceEditorTemplate()
_viz_net_graph = nengo_gui.components.NetGraphTemplate()
_viz_sim_control = nengo_gui.components.SimControlTemplate()
_viz_config[_viz_sim_control].kept_time = 4
_viz_config[_viz_sim_control].shown_time = 0.5
_viz_config[model].pos=(1.595314940113136, 1.554312048243534)
_viz_config[model].size=(0.21791405586325302, 0.21791405586325302)
_viz_config[model].expanded=True
_viz_config[model].has_layout=True
_viz_config[part1].pos=(0.3434257933429482, 0.5562050739500625)
_viz_config[part1].size=(0.4117013029648927, 1.2021678046574868)
_viz_config[part1].expanded=False
_viz_config[part1].has_layout=False
_viz_config[part2].pos=(1.5785297022376263, 0.5562050739500625)
_viz_config[part2].size=(0.4117013029648927, 1.2021678046574868)
_viz_config[part2].expanded=False
_viz_config[part2].has_layout=True
_viz_config[part2.ea_ensembles[0]].pos=(0.49999999999999994, 0.2857142857142857)
_viz_config[part2.ea_ensembles[0]].size=(0.09803921568627451, 0.03571428571428571)
_viz_config[part2.ea_ensembles[1]].pos=(0.49999999999999994, 0.7142857142857142)
_viz_config[part2.ea_ensembles[1]].size=(0.09803921568627451, 0.03571428571428571)
_viz_config[part2.ea_ensembles[2]].pos=(0.49999999999999994, 0.49999999999999994)
_viz_config[part2.ea_ensembles[2]].size=(0.09803921568627451, 0.03571428571428571)
_viz_config[part2.ea_ensembles[3]].pos=(0.49999999999999994, 0.9285714285714284)
_viz_config[part2.ea_ensembles[3]].size=(0.09803921568627451, 0.03571428571428571)
_viz_config[part2.ea_ensembles[4]].pos=(0.49999999999999994, 0.07142857142857142)
_viz_config[part2.ea_ensembles[4]].size=(0.09803921568627451, 0.03571428571428571)
_viz_config[part2.input].pos=(0.12745098039215685, 0.49999999999999994)
_viz_config[part2.input].size=(0.07843137254901959, 0.02857142857142857)
_viz_config[part2.output].pos=(0.872549019607843, 0.49999999999999994)
_viz_config[part2.output].size=(0.07843137254901959, 0.02857142857142857)
_viz_config[stim_a].pos=(-0.6446573337727944, -0.2853123893101782)
_viz_config[stim_a].size=(0.16468052118595708, 0.24043356093149737)
_viz_config[stim_b].pos=(-0.6446573337727944, 1.3977225372103033)
_viz_config[stim_b].size=(0.16468052118595708, 0.24043356093149737)