_viz_0 = nengo_viz.Value(ens)
_viz_config[_viz_0].x = 648.923
_viz_config[_viz_0].y = 203.725
_viz_config[_viz_0].width = 200
_viz_config[_viz_0].height = 200
_viz_config[_viz_0].label_visible = True
_viz_config[_viz_0].miny = -1
_viz_config[_viz_0].maxy = 1
_viz_net_graph = nengo_viz.NetGraph()
_viz_sim_control = nengo_viz.SimControl()
_viz_config[ens].pos=(0.48113207547169806, 0.49999999999999994)
_viz_config[ens].size=(0.09433962264150943, 0.10869565217391303)
_viz_config[model].pos=(0.2374968826652851, 0.36335831327229917)
_viz_config[model].size=(0.4665073802097343, 0.4665073802097343)
_viz_config[model].expanded=True
_viz_config[model].has_layout=True
_viz_config[result].pos=(0.8584905660377359, 0.49999999999999994)
_viz_config[result].size=(0.09433962264150943, 0.10869565217391303)
_viz_config[stimulus_A].pos=(0.12264150943396226, 0.8043478260869565)
_viz_config[stimulus_A].size=(0.07547169811320754, 0.08695652173913043)
_viz_config[stimulus_B].pos=(0.12264150943396226, 0.19565217391304346)
_viz_config[stimulus_B].size=(0.07547169811320754, 0.08695652173913043)