_viz_0 = nengo_viz.Value(ens)
_viz_config[_viz_0].x = 1838.2
_viz_config[_viz_0].y = 112.168
_viz_config[_viz_0].width = 228.943
_viz_config[_viz_0].height = 132.024
_viz_config[_viz_0].label_visible = True
_viz_config[_viz_0].miny = -1
_viz_config[_viz_0].maxy = 1
_viz_1 = nengo_viz.Slider(stimulus_A)
_viz_config[_viz_1].x = 384.892
_viz_config[_viz_1].y = 465.974
_viz_config[_viz_1].width = 38.8429
_viz_config[_viz_1].height = 77.5547
_viz_config[_viz_1].label_visible = True
_viz_config[_viz_1].min_value = -1
_viz_config[_viz_1].max_value = 1
_viz_net_graph = nengo_viz.NetGraph()
_viz_sim_control = nengo_viz.SimControl()
_viz_config[ens].pos=(0.48113207547169806, 0.49999999999999994)
_viz_config[ens].size=(0.09433962264150943, 0.10869565217391303)
_viz_config[model].pos=(0.6567900856557565, 1.0558933336609828)
_viz_config[model].size=(0.289664379736692, 0.289664379736692)
_viz_config[model].expanded=True
_viz_config[model].has_layout=True
_viz_config[result].pos=(0.8584905660377359, 0.49999999999999994)
_viz_config[result].size=(0.09433962264150943, 0.10869565217391303)
_viz_config[stimulus_A].pos=(0.12264150943396226, 0.8043478260869565)
_viz_config[stimulus_A].size=(0.07547169811320754, 0.08695652173913043)
_viz_config[stimulus_B].pos=(0.12264150943396226, 0.19565217391304346)
_viz_config[stimulus_B].size=(0.14707298867924537, 0.1694536608695653)