_viz_net_graph = nengo_viz.NetGraph()
_viz_sim_control = nengo_viz.SimControl()
_viz_config[a].pos=(0.5769230769230769, 0.21000000000000002)
_viz_config[a].size=(0.07692307692307693, 0.1)
_viz_config[b].pos=(0.8367698918269241, 0.5)
_viz_config[b].size=(0.06387009073084356, 0.08694701380776669)
_viz_config[c].pos=(0.5491510425426198, 0.5)
_viz_config[c].size=(0.11719194953259596, 0.10349062584977031)
_viz_config[d].pos=(0.32383836910919855, 0.35099658540073136)
_viz_config[d].size=(0.2214734443815562, 0.19558020375603044)
_viz_config[ens].pos=(0.3072289156626506, 0.5)
_viz_config[ens].size=(0.060240963855421686, 0.1)
_viz_config[model].pos=(0.6945584954637012, 0.7229346539614737)
_viz_config[model].size=(0.3186308177103646, 0.3186308177103646)
_viz_config[model].expanded=True
_viz_config[model].has_layout=True
_viz_config[result].pos=(0.5481927710843373, 0.5)
_viz_config[result].size=(0.060240963855421686, 0.1)
_viz_config[stimulus_A].pos=(-0.010227478102040355, 0.9620635246164075)
_viz_config[stimulus_A].size=(0.13673350219842587, 0.26206352461640714)
_viz_config[stimulus_B].pos=(-0.01022748849453527, 0.16798185010959815)
_viz_config[stimulus_B].size=(0.1367334918059309, 0.18403629978080416)
_viz_config[subnet].pos=(1.198111885619033, 0.4913303083515995)
_viz_config[subnet].size=(0.12048195888832813, 0.8508239657168175)
_viz_config[subnet].expanded=True
_viz_config[subnet].has_layout=True
_viz_config[subsubnet].pos=(0.3644120231141347, 0.6135035912518529)
_viz_config[subsubnet].size=(0.27319973405280595, 0.22426531017229753)
_viz_config[subsubnet].expanded=False
_viz_config[subsubnet].has_layout=True