_viz_ace_editor = nengo_gui.components.AceEditor()
_viz_net_graph = nengo_gui.components.NetGraph()
_viz_sim_control = nengo_gui.components.SimControl()
_viz_config[_viz_sim_control].kept_time = 4.0
_viz_config[_viz_sim_control].shown_time = 0.5
_viz_config[a].pos=(0.5769230769230769, 0.21000000000000002)
_viz_config[a].size=(0.07692307692307693, 0.1)
_viz_config[b].pos=(0.8846153846153847, 0.5)
_viz_config[b].size=(0.07692307692307693, 0.1)
_viz_config[ens].pos=(0.3072289156626506, 0.5)
_viz_config[ens].size=(0.060240963855421686, 0.1)
_viz_config[model].pos=(0.11662077368779833, 0.1211053797056143)
_viz_config[model].size=(0.8442598538023351, 0.8442598538023351)
_viz_config[model].expanded=True
_viz_config[model].has_layout=True
_viz_config[result].pos=(0.5481927710843373, 0.5)
_viz_config[result].size=(0.060240963855421686, 0.1)
_viz_config[stimulus_A].pos=(0.0783132530120482, 0.22000000000000003)
_viz_config[stimulus_A].size=(0.048192771084337345, 0.08)
_viz_config[stimulus_B].pos=(0.0783132530120482, 0.78)
_viz_config[stimulus_B].size=(0.048192771084337345, 0.08)
_viz_config[subnet].pos=(0.8493975903614457, 0.5)
_viz_config[subnet].size=(0.12048192771084337, 0.4)
_viz_config[subnet].expanded=True
_viz_config[subnet].has_layout=True
_viz_config[subsubnet].pos=(0.19230769230769232, 0.5)
_viz_config[subsubnet].size=(0.15384615384615385, 0.4)
_viz_config[subsubnet].expanded=False
_viz_config[subsubnet].has_layout=False