_viz_net_graph = nengo_viz.NetGraph()
_viz_sim_control = nengo_viz.SimControl()
_viz_config[a].pos=(0.5769230769230769, 0.21000000000000002)
_viz_config[a].size=(0.07692307692307693, 0.1)
_viz_config[b].pos=(0.8367698918269241, 0.5)
_viz_config[b].size=(0.06387009073084356, 0.08694701380776669)
_viz_config[c].pos=(0.5491510425426198, 0.5)
_viz_config[c].size=(0.4485151695539407, 0.5)
_viz_config[d].pos=(0.5, 0.5)
_viz_config[d].size=(0.5, 0.5)
_viz_config[ens].pos=(0.38117336010709424, 0.5320722891566261)
_viz_config[ens].size=(0.12187990780060966, 0.16163894394518796)
_viz_config[model].pos=(0.5376699265245142, 0.8122187107615416)
_viz_config[model].size=(0.35049389948140053, 0.35049389948140053)
_viz_config[model].expanded=True
_viz_config[model].has_layout=True
_viz_config[result].pos=(0.5505035349732259, 0.09107831325301692)
_viz_config[result].size=(0.060240963855421686, 0.1)
_viz_config[stimulus_A].pos=(-0.04820106990461649, 0.6597289156626528)
_viz_config[stimulus_A].size=(0.05223660788989284, 0.08)
_viz_config[stimulus_B].pos=(0.0783132530120482, 0.22000000000000003)
_viz_config[stimulus_B].size=(0.048192771084337345, 0.08)
_viz_config[subnet].pos=(1.3657082898223862, 0.009221534070764668)
_viz_config[subnet].size=(0.1986498196119276, 0.7260767428418349)
_viz_config[subnet].expanded=True
_viz_config[subnet].has_layout=True
_viz_config[subsubnet].pos=(0.5040996696505061, 0.4289613760071465)
_viz_config[subsubnet].size=(0.44375703832483543, 0.3054517187787296)
_viz_config[subsubnet].expanded=True
_viz_config[subsubnet].has_layout=True