_viz_0 = nengo_gui.components.Value(pre)
_viz_config[_viz_0].label_visible = True
_viz_config[_viz_0].width = 0.10277492291880781
_viz_config[_viz_0].x = 0.8823508707710895
_viz_config[_viz_0].y = 0.23846098757474785
_viz_config[_viz_0].max_value = 1
_viz_config[_viz_0].min_value = -1
_viz_config[_viz_0].height = 0.19157088122605365
_viz_1 = nengo_gui.components.Value(post)
_viz_config[_viz_1].label_visible = True
_viz_config[_viz_1].width = 0.10277492291880781
_viz_config[_viz_1].x = 0.8870531754635435
_viz_config[_viz_1].y = 0.6628352490421462
_viz_config[_viz_1].max_value = 1
_viz_config[_viz_1].min_value = -1
_viz_config[_viz_1].height = 0.19157088122605365
_viz_2 = nengo_gui.components.Value(input)
_viz_config[_viz_2].label_visible = True
_viz_config[_viz_2].width = 0.10277492291880781
_viz_config[_viz_2].x = 0.1602796041053653
_viz_config[_viz_2].y = 0.7003795609983174
_viz_config[_viz_2].max_value = 1
_viz_config[_viz_2].min_value = -1
_viz_config[_viz_2].height = 0.19157088122605365
_viz_3 = nengo_gui.components.Value(actual_error)
_viz_config[_viz_3].label_visible = True
_viz_config[_viz_3].width = 0.09455292908530319
_viz_config[_viz_3].x = 0.6260193447378252
_viz_config[_viz_3].y = 0.6822967021162294
_viz_config[_viz_3].max_value = 1
_viz_config[_viz_3].min_value = -1
_viz_config[_viz_3].height = 0.19157088122605365
_viz_4 = nengo_gui.components.Value(error)
_viz_config[_viz_4].label_visible = True
_viz_config[_viz_4].width = 0.10277492291880781
_viz_config[_viz_4].x = 0.629651663931397
_viz_config[_viz_4].y = 0.26229097289361497
_viz_config[_viz_4].max_value = 1
_viz_config[_viz_4].min_value = -1
_viz_config[_viz_4].height = 0.19157088122605365
_viz_ace_editor = nengo_gui.components.AceEditor()
_viz_net_graph = nengo_gui.components.NetGraph()
_viz_sim_control = nengo_gui.components.SimControl()
_viz_config[_viz_sim_control].kept_time = 4.0
_viz_config[_viz_sim_control].shown_time = 0.5
_viz_config[actual_error].pos=(0.4537512846865371, 0.08422800648798665)
_viz_config[actual_error].size=(0.33333333333333337, 0.04672897196261683)
_viz_config[error].pos=(0.2425840149797967, 0.4081061249710355)
_viz_config[error].size=(0.0684931506849315, 0.04672897196261682)
_viz_config[inhibit].pos=(0.0761942266050078, 0.41103151309183605)
_viz_config[inhibit].size=(0.05325289278361091, 0.03841623542133313)
_viz_config[input].pos=(0.07259710822340168, 0.08695064493705107)
_viz_config[input].size=(0.0547945205479452, 0.037383177570093455)
_viz_config[model].pos=(0.014825216037169575, 0.028963141346166732)
_viz_config[model].size=(0.9710184154213823, 0.9710184154213823)
_viz_config[model].expanded=True
_viz_config[model].has_layout=True
_viz_config[post].pos=(0.47015303608385367, 0.4124121418089128)
_viz_config[post].size=(0.0684931506849315, 0.04672897196261682)
_viz_config[pre].pos=(0.30409410240887524, 0.08695064493705107)
_viz_config[pre].size=(0.0684931506849315, 0.04672897196261682)