_viz_config[A].pos=(0.4907154829089512, 0.6523597382709181)
_viz_config[A].size=(0.09433962264150943, 0.1)
_viz_config[B].pos=(0.48763223522138693, 0.1760450811891716)
_viz_config[B].size=(0.09433962264150943, 0.1)
_viz_config[Sum].pos=(0.6714905707594025, 0.4078094743902903)
_viz_config[Sum].size=(0.09433962264150943, 0.1)
_viz_0 = nengo_gui.components.Value(B)
_viz_config[_viz_0].label_visible = True
_viz_config[_viz_0].width = 0.09352517985611511
_viz_config[_viz_0].x = 0.8806833152994353
_viz_config[_viz_0].y = 0.22812483497914146
_viz_config[_viz_0].max_value = 1
_viz_config[_viz_0].min_value = -1
_viz_config[_viz_0].height = 0.16475095785440613
_viz_1 = nengo_gui.components.Value(A)
_viz_config[_viz_1].label_visible = True
_viz_config[_viz_1].width = 0.09146968139773895
_viz_config[_viz_1].x = 0.8806187858685105
_viz_config[_viz_1].y = 0.6347544196253067
_viz_config[_viz_1].max_value = 1
_viz_config[_viz_1].min_value = -1
_viz_config[_viz_1].height = 0.1685823754789272
_viz_2 = nengo_gui.components.Value(input_B)
_viz_config[_viz_2].label_visible = True
_viz_config[_viz_2].width = 0.0914696892388433
_viz_config[_viz_2].x = 0.31219337198704633
_viz_config[_viz_2].y = 0.3478160919540228
_viz_config[_viz_2].max_value = 1
_viz_config[_viz_2].min_value = -1
_viz_config[_viz_2].height = 0.1724137931034483
_viz_3 = nengo_gui.components.Value(input_A)
_viz_config[_viz_3].label_visible = True
_viz_config[_viz_3].width = 0.09146968531829112
_viz_config[_viz_3].x = 0.2803331458822161
_viz_config[_viz_3].y = 0.8074503763942428
_viz_config[_viz_3].max_value = 1
_viz_config[_viz_3].min_value = -1
_viz_config[_viz_3].height = 0.16570882687623473
_viz_4 = nengo_gui.components.Value(Sum)
_viz_config[_viz_4].label_visible = True
_viz_config[_viz_4].width = 0.10277492291880781
_viz_config[_viz_4].x = 0.6728763350918053
_viz_config[_viz_4].y = 0.7719532015513442
_viz_config[_viz_4].max_value = 2
_viz_config[_viz_4].min_value = -2
_viz_config[_viz_4].height = 0.19157088122605365
_viz_5 = nengo_gui.components.Slider(input_B)
_viz_config[_viz_5].label_visible = True
_viz_config[_viz_5].width = 0.05555826826078726
_viz_config[_viz_5].x = 0.03132823692380007
_viz_config[_viz_5].y = 0.16362930428713893
_viz_config[_viz_5].max_value = 1
_viz_config[_viz_5].min_value = -1
_viz_config[_viz_5].height = 0.09422320521312268
_viz_6 = nengo_gui.components.Slider(input_A)
_viz_config[_viz_6].label_visible = True
_viz_config[_viz_6].width = 0.05555826402202794
_viz_config[_viz_6].x = 0.027774405034539415
_viz_config[_viz_6].y = 0.6138412219826299
_viz_config[_viz_6].max_value = 1
_viz_config[_viz_6].min_value = -1
_viz_config[_viz_6].height = 0.10977334201709764
_viz_ace_editor = nengo_gui.components.AceEditor()
_viz_net_graph = nengo_gui.components.NetGraph()
_viz_sim_control = nengo_gui.components.SimControl()
_viz_config[_viz_sim_control].kept_time = 4.0
_viz_config[_viz_sim_control].shown_time = 0.5
_viz_config[input_A].pos=(0.028973109957715043, 0.6576658271423681)
_viz_config[input_A].size=(0.07547170235196686, 0.12020857327275272)
_viz_config[input_B].pos=(0.028082297510700047, 0.18308189791553256)
_viz_config[input_B].size=(0.07547171082948549, 0.11350714439396066)
_viz_config[model].pos=(0.08068844873759456, -0.018861559266866126)
_viz_config[model].size=(0.9249291784702548, 0.9249291784702548)
_viz_config[model].expanded=True
_viz_config[model].has_layout=True