_viz_0 = nengo_gui.components.Slider(input)
_viz_config[_viz_0].label_visible = True
_viz_config[_viz_0].width = 0.05138746537995608
_viz_config[_viz_0].x = 0.12308751381644006
_viz_config[_viz_0].y = 0.47107279693486553
_viz_config[_viz_0].max_value = 1
_viz_config[_viz_0].min_value = -1
_viz_config[_viz_0].height = 0.1752873563218391
_viz_1 = nengo_gui.components.Value(input)
_viz_config[_viz_1].label_visible = True
_viz_config[_viz_1].width = 0.10277492291880781
_viz_config[_viz_1].x = 0.12308751381644001
_viz_config[_viz_1].y = 0.9339222950508212
_viz_config[_viz_1].max_value = 1
_viz_config[_viz_1].min_value = -1
_viz_config[_viz_1].height = 0.19157088122605365
_viz_2 = nengo_gui.components.Value(x)
_viz_config[_viz_2].label_visible = True
_viz_config[_viz_2].width = 0.10277492291880781
_viz_config[_viz_2].x = 0.48297426748628175
_viz_config[_viz_2].y = 0.9227304391881203
_viz_config[_viz_2].max_value = 1
_viz_config[_viz_2].min_value = -1
_viz_config[_viz_2].height = 0.19157088122605365
_viz_3 = nengo_gui.components.Value(z)
_viz_config[_viz_3].label_visible = True
_viz_config[_viz_3].width = 0.10277492291880781
_viz_config[_viz_3].x = 0.8613605072815083
_viz_config[_viz_3].y = 0.9242345080903078
_viz_config[_viz_3].max_value = 1
_viz_config[_viz_3].min_value = -1
_viz_config[_viz_3].height = 0.19157088122605365
_viz_ace_editor = nengo_gui.components.AceEditor()
_viz_net_graph = nengo_gui.components.NetGraph()
_viz_sim_control = nengo_gui.components.SimControl()
_viz_config[_viz_sim_control].kept_time = 4.0
_viz_config[_viz_sim_control].shown_time = 0.5
_viz_config[input].pos=(0.12418313327774438, 0.49793388429752056)
_viz_config[input].size=(0.07701332195698966, 0.20206611570247934)
_viz_config[model].pos=(0.019527235354573482, -0.2376033057851238)
_viz_config[model].size=(1, 1)
_viz_config[model].expanded=True
_viz_config[model].has_layout=True
_viz_config[x].pos=(0.48113207547169806, 0.5)
_viz_config[x].size=(0.08530318602261057, 0.1714876033057853)
_viz_config[z].pos=(0.8584905660377359, 0.5)
_viz_config[z].size=(0.08530318602261057, 0.1714876033057853)