_viz_config[X].pos=(0.27223387630404466, 0.084297520661157)
_viz_config[X].size=(0.0684931506849315, 0.1)
_viz_config[Y].pos=(0.2814836193667375, 0.3950413223140496)
_viz_config[Y].size=(0.0684931506849315, 0.1)
_viz_0 = nengo_gui.components.Value(result_product)
_viz_config[_viz_0].label_visible = True
_viz_config[_viz_0].width = 0.0986639260020555
_viz_config[_viz_0].x = 0.8763392417181685
_viz_config[_viz_0].y = 0.19042145593869794
_viz_config[_viz_0].max_value = 1
_viz_config[_viz_0].min_value = -1
_viz_config[_viz_0].height = 0.18390804963093607
_viz_1 = nengo_gui.components.Value(result_square)
_viz_config[_viz_1].label_visible = True
_viz_config[_viz_1].width = 0.10174717368961973
_viz_config[_viz_1].x = 0.7760254700958763
_viz_config[_viz_1].y = 0.6541571698798175
_viz_config[_viz_1].max_value = 1
_viz_config[_viz_1].min_value = -1
_viz_config[_viz_1].height = 0.18869731800766285
_viz_2 = nengo_gui.components.Value(X)
_viz_config[_viz_2].label_visible = True
_viz_config[_viz_2].width = 0.09558068223504344
_viz_config[_viz_2].x = 0.1906756395275169
_viz_config[_viz_2].y = 0.6688040277381959
_viz_config[_viz_2].max_value = 1
_viz_config[_viz_2].min_value = -1
_viz_config[_viz_2].height = 0.17624521072796934
_viz_3 = nengo_gui.components.Value(Y)
_viz_config[_viz_3].label_visible = True
_viz_config[_viz_3].width = 0.0986639260020555
_viz_config[_viz_3].x = 0.4620014360331691
_viz_config[_viz_3].y = 0.6705281656692305
_viz_config[_viz_3].max_value = 1
_viz_config[_viz_3].min_value = -1
_viz_config[_viz_3].height = 0.18295016233948455
_viz_4 = nengo_gui.components.Slider(inputX)
_viz_config[_viz_4].label_visible = True
_viz_config[_viz_4].width = 0.04779034111752172
_viz_config[_viz_4].x = 0.047741063509270765
_viz_config[_viz_4].y = 0.07409138406003633
_viz_config[_viz_4].max_value = 1
_viz_config[_viz_4].min_value = -1
_viz_config[_viz_4].height = 0.10727968983266545
_viz_5 = nengo_gui.components.Slider(inputY)
_viz_config[_viz_5].label_visible = True
_viz_config[_viz_5].width = 0.04316546958617537
_viz_config[_viz_5].x = 0.04722718889467667
_viz_config[_viz_5].y = 0.36412969823628133
_viz_config[_viz_5].max_value = 1
_viz_config[_viz_5].min_value = -1
_viz_config[_viz_5].height = 0.10727970810228837
_viz_ace_editor = nengo_gui.components.AceEditor()
_viz_net_graph = nengo_gui.components.NetGraph()
_viz_sim_control = nengo_gui.components.SimControl()
_viz_config[_viz_sim_control].kept_time = 4.0
_viz_config[_viz_sim_control].shown_time = 0.5
_viz_config[inputX].pos=(0.04844499741692967, 0.08429752066115698)
_viz_config[inputX].size=(0.061474886617115546, 0.12338842975206599)
_viz_config[inputY].pos=(0.04998662322098785, 0.39917355371900876)
_viz_config[inputY].size=(0.06198876319198567, 0.12132231404958671)
_viz_config[model].pos=(0.0625448333434374, 0.10864964716978398)
_viz_config[model].size=(0.9462602627257798, 0.9462602627257798)
_viz_config[model].expanded=True
_viz_config[model].has_layout=True
_viz_config[result_product].pos=(0.6999324219684928, 0.18842975206611562)
_viz_config[result_product].size=(0.0684931506849315, 0.1)
_viz_config[result_square].pos=(0.5174295006265064, 0.0760330578512396)
_viz_config[result_square].size=(0.04193216855087357, 0.08429752066115699)
_viz_config[vector2D].pos=(0.5092075067930012, 0.3826446280991729)
_viz_config[vector2D].size=(0.0684931506849315, 0.1)