_viz_0 = nengo_gui.components.HTMLView(plot)
_viz_config[_viz_0].label_visible = True
_viz_config[_viz_0].width = 0.814221972725049
_viz_config[_viz_0].height = 0.36551113786178546
_viz_config[_viz_0].y = -0.3816846205325573
_viz_config[_viz_0].x = 0.22293675759026707
_viz_1 = nengo_gui.components.Slider(input_net.stimulus)
_viz_config[_viz_1].label_visible = True
_viz_config[_viz_1].width = 0.22904612133964586
_viz_config[_viz_1].x = -0.4098898269500399
_viz_config[_viz_1].y = 0.531100172678101
_viz_config[_viz_1].max_value = 1
_viz_config[_viz_1].min_value = -1
_viz_config[_viz_1].height = 0.23657678241883326
_viz_ace_editor = nengo_gui.components.AceEditor()
_viz_net_graph = nengo_gui.components.NetGraph()
_viz_sim_control = nengo_gui.components.SimControl()
_viz_config[_viz_sim_control].kept_time = 4.0
_viz_config[_viz_sim_control].shown_time = 0.5
_viz_config[ens].pos=(0.5952380952380952, 0.5)
_viz_config[ens].size=(0.07936507936507937, 0.1)
_viz_config[input_net].pos=(0.12896000697346385, 0.5)
_viz_config[input_net].size=(0.22818285016939333, 0.4)
_viz_config[input_net].expanded=True
_viz_config[input_net].has_layout=True
_viz_config[input_net.output].pos=(0.8673469387755103, 0.5)
_viz_config[input_net.output].size=(0.0816326530612245, 0.2222222222222222)
_viz_config[input_net.project].pos=(0.5, 0.5)
_viz_config[input_net.project].size=(0.0816326530612245, 0.2222222222222222)
_viz_config[input_net.stimulus].pos=(0.1326530612244898, 0.5)
_viz_config[input_net.stimulus].size=(0.0816326530612245, 0.2222222222222222)
_viz_config[model].pos=(0.8077242138345214, 0.8702796932251063)
_viz_config[model].size=(0.5080477740183328, 0.5080477740183328)
_viz_config[model].expanded=True
_viz_config[model].has_layout=True
_viz_config[plot].pos=(0.8968253968253969, 0.5)
_viz_config[plot].size=(0.0634920634920635, 0.08)