_viz_0 = nengo_gui.components.Value(choice)
_viz_config[_viz_0].synapse = 0.01
_viz_config[_viz_0].x = 0.7258064516129032
_viz_config[_viz_0].height = 0.11723329425556858
_viz_config[_viz_0].width = 0.09900990099009901
_viz_config[_viz_0].max_value = 1
_viz_config[_viz_0].y = 0.44411764705882356
_viz_config[_viz_0].show_legend = False
_viz_config[_viz_0].label_visible = True
_viz_config[_viz_0].legend_labels = []
_viz_config[_viz_0].min_value = -1
_viz_ace_editor = nengo_gui.components.AceEditor()
_viz_net_graph = nengo_gui.components.NetGraph()
_viz_sim_control = nengo_gui.components.SimControl()
_viz_config[_viz_sim_control].shown_time = 0.5
_viz_config[_viz_sim_control].kept_time = 4.0
_viz_config[choice].pos=(0.6720430107526882, 0.4147058823529412)
_viz_config[choice].size=(0.053763440860215055, 0.029411764705882353)
_viz_config[ens].pos=(0.4032258064516129, 0.5)
_viz_config[ens].size=(0.053763440860215055, 0.029411764705882353)
_viz_config[model].pos=(0, 0)
_viz_config[model].size=(1.0, 1.0)
_viz_config[model].expanded=True
_viz_config[model].has_layout=True
_viz_config[model.networks[0]].pos=(0.13440860215053763, 0.14705882352941177)
_viz_config[model.networks[0]].size=(0.10752688172043011, 0.11764705882352941)
_viz_config[model.networks[0]].expanded=False
_viz_config[model.networks[0]].has_layout=False
_viz_config[model.networks[1]].pos=(0.13440860215053763, 0.5)
_viz_config[model.networks[1]].size=(0.10752688172043011, 0.11764705882352941)
_viz_config[model.networks[1]].expanded=False
_viz_config[model.networks[1]].has_layout=False
_viz_config[plot].pos=(0.9301075268817204, 0.5)
_viz_config[plot].size=(0.043010752688172046, 0.023529411764705882)
_viz_config[stim].pos=(0.13440860215053763, 0.8529411764705882)
_viz_config[stim].size=(0.10752688172043011, 0.11764705882352941)
_viz_config[stim].expanded=False
_viz_config[stim].has_layout=False