_viz_0 = nengo_gui.components.HTMLView(plot)
_viz_config[_viz_0].label_visible = True
_viz_config[_viz_0].width = 0.4630841965431924
_viz_config[_viz_0].height = 0.28425480539982134
_viz_config[_viz_0].y = 0.24434084565488573
_viz_config[_viz_0].x = 0.5154003407061689
_viz_1 = nengo_gui.components.Slider(stimulus.stimulus)
_viz_config[_viz_1].label_visible = True
_viz_config[_viz_1].width = 0.10960961247349645
_viz_config[_viz_1].x = 0.1597840076100947
_viz_config[_viz_1].y = 0.7387382000255126
_viz_config[_viz_1].max_value = 1
_viz_config[_viz_1].min_value = -1
_viz_config[_viz_1].height = 0.1201923076923077
_viz_ace_editor = nengo_gui.components.AceEditor()
_viz_net_graph = nengo_gui.components.NetGraph()
_viz_sim_control = nengo_gui.components.SimControl()
_viz_config[_viz_sim_control].kept_time = 4.0
_viz_config[_viz_sim_control].shown_time = 0.5
_viz_config[memory].pos=(0.6361102599216457, 0.6301408405996195)
_viz_config[memory].size=(0.054668032350377094, 0.08752141717632488)
_viz_config[model].pos=(-0.021021021021021026, 0.10456730769230768)
_viz_config[model].size=(1.0, 1.0)
_viz_config[model].expanded=True
_viz_config[model].has_layout=True
_viz_config[plot].pos=(0.9057971014492753, 0.7313432835820896)
_viz_config[plot].size=(0.05797101449275362, 0.11940298507462686)
_viz_config[stimulus].pos=(0.3550724637681159, 0.7313432835820896)
_viz_config[stimulus].size=(0.05797101449275362, 0.11940298507462686)
_viz_config[stimulus].expanded=False
_viz_config[stimulus].has_layout=True
_viz_config[stimulus.output].pos=(0.8673469387755103, 0.5)
_viz_config[stimulus.output].size=(0.0816326530612245, 0.2222222222222222)
_viz_config[stimulus.project].pos=(0.5, 0.5)
_viz_config[stimulus.project].size=(0.0816326530612245, 0.2222222222222222)
_viz_config[stimulus.stimulus].pos=(0.1326530612244898, 0.5)
_viz_config[stimulus.stimulus].size=(0.0816326530612245, 0.2222222222222222)