_viz_0 = nengo_gui.components.Slider(stimulus.stimulus)
_viz_config[_viz_0].label_visible = True
_viz_config[_viz_0].width = 0.11561561525762976
_viz_config[_viz_0].x = 0.1419331443879025
_viz_config[_viz_0].y = 0.5088343881856531
_viz_config[_viz_0].max_value = 1
_viz_config[_viz_0].min_value = -1
_viz_config[_viz_0].height = 0.12019231227728036
_viz_1 = nengo_gui.components.Slider(speed)
_viz_config[_viz_1].label_visible = True
_viz_config[_viz_1].width = 0.07507507507507508
_viz_config[_viz_1].x = 0.1457380457380459
_viz_config[_viz_1].y = 0.8759737098344688
_viz_config[_viz_1].max_value = 1
_viz_config[_viz_1].min_value = -1
_viz_config[_viz_1].height = 0.1201923076923077
_viz_2 = nengo_gui.components.HTMLView(plot)
_viz_config[_viz_2].label_visible = True
_viz_config[_viz_2].width = 0.2522522501043371
_viz_config[_viz_2].height = 0.14423076923076922
_viz_config[_viz_2].y = 1.1435309152872444
_viz_config[_viz_2].x = 0.2854931854931854
_viz_3 = nengo_gui.components.Value(spd)
_viz_config[_viz_3].synapse = 0.01
_viz_config[_viz_3].max_value = 1
_viz_config[_viz_3].min_value = -1
_viz_config[_viz_3].legend_labels = [u'label_0']
_viz_config[_viz_3].height = 0.14483173076923078
_viz_config[_viz_3].label_visible = True
_viz_config[_viz_3].width = 0.19294296585403764
_viz_config[_viz_3].show_legend = False
_viz_config[_viz_3].y = 1.1512521299902634
_viz_config[_viz_3].x = 0.7926195426195419
_viz_ace_editor = nengo_gui.components.AceEditor()
_viz_net_graph = nengo_gui.components.NetGraph()
_viz_sim_control = nengo_gui.components.SimControl()
_viz_config[_viz_sim_control].kept_time = 4.0
_viz_config[_viz_sim_control].shown_time = 0.5
_viz_config[ens].pos=(0.5769230769230769, 0.8734177215189873)
_viz_config[ens].size=(0.07692307692307693, 0.06329113924050633)
_viz_config[model].pos=(-0.010510510510510513, -0.3125)
_viz_config[model].size=(1.0, 1.0)
_viz_config[model].expanded=True
_viz_config[model].has_layout=True
_viz_config[plot].pos=(0.8590898590898588, 0.508763388510224)
_viz_config[plot].size=(0.06153846153846154, 0.05063291139240506)
_viz_config[spd].pos=(0.8846153846153847, 0.8734177215189873)
_viz_config[spd].size=(0.07692307692307693, 0.06329113924050633)
_viz_config[speed].pos=(0.3289443289443292, 0.8746196445959106)
_viz_config[speed].size=(0.06153846153846154, 0.05063291139240506)
_viz_config[stimulus].pos=(0.43855394428171257, 0.506359542356378)
_viz_config[stimulus].size=(0.15384615957392753, 0.15701071080817927)
_viz_config[stimulus].expanded=False
_viz_config[stimulus].has_layout=True
_viz_config[stimulus.output].pos=(0.8673469387755103, 0.5)
_viz_config[stimulus.output].size=(0.0816326530612245, 0.2222222222222222)
_viz_config[stimulus.project].pos=(0.5, 0.5)
_viz_config[stimulus.project].size=(0.0816326530612245, 0.2222222222222222)
_viz_config[stimulus.stimulus].pos=(0.1326530612244898, 0.5)
_viz_config[stimulus.stimulus].size=(0.0816326530612245, 0.2222222222222222)