_viz_ace_editor = nengo_gui.components.AceEditor()
_viz_net_graph = nengo_gui.components.NetGraph()
_viz_sim_control = nengo_gui.components.SimControl()
_viz_config[_viz_sim_control].kept_time = 4.0
_viz_config[_viz_sim_control].shown_time = 0.5
_viz_config[error].pos=(0.7818841434544858, 0.887086623579493)
_viz_config[error].size=(0.03311342284602888, 0.053013316383305864)
_viz_config[error_filter].pos=(0.7779365061705611, 0.8018763594056783)
_viz_config[error_filter].size=(0.033855232741818994, 0.021362526933029695)
_viz_config[error_filter].expanded=False
_viz_config[error_filter].has_layout=False
_viz_config[error_fx].pos=(0.6741879030838891, 0.8882985361651171)
_viz_config[error_fx].size=(0.031316927976216845, 0.05013719719269332)
_viz_config[error_vis].pos=(0.8708685051880505, 0.8865795203259744)
_viz_config[error_vis].size=(0.013542093096727598, 0.018536870576082685)
_viz_config[fx].pos=(0.5447602633182059, 0.8888146260585712)
_viz_config[fx].size=(0.03472859335406256, 0.05559914224472517)
_viz_config[model].pos=(-0.43314164136427685, -0.684123767347697)
_viz_config[model].size=(2.0459826550770805, 2.0459826550770805)
_viz_config[model].expanded=True
_viz_config[model].has_layout=True
_viz_config[plot].pos=(0.8059945592044028, 0.7200917450702009)
_viz_config[plot].size=(0.013542093096727598, 0.016797313845658694)
_viz_config[product].pos=(0.5922490897857831, 0.720605267352245)
_viz_config[product].size=(0.033855232741818994, 0.021362526933029695)
_viz_config[product].expanded=False
_viz_config[product].has_layout=False
_viz_config[product.sq1].expanded=False
_viz_config[product.sq1].has_layout=False
_viz_config[product.sq2].expanded=False
_viz_config[product.sq2].has_layout=False
_viz_config[stimulus].pos=(0.6638483320032802, 0.8022065255804423)
_viz_config[stimulus].size=(0.02701624413348647, 0.043251967771399016)
_viz_config[target_fx].pos=(0.48446134878615493, 0.8010652387636268)
_viz_config[target_fx].size=(0.031796468588600246, 0.031659948948745846)
_viz_config[weights].pos=(0.7121149138176296, 0.7207875677623704)
_viz_config[weights].size=(0.028935740722770772, 0.04632500798405129)
_viz_config[x].pos=(0.4862227358950192, 0.7183521883397768)
_viz_config[x].size=(0.030492584624895066, 0.01227446634655631)