_viz_0 = nengo_gui.components.Slider(stimulus2.stimulus)
_viz_config[_viz_0].label_visible = True
_viz_config[_viz_0].width = 0.16288296217357068
_viz_config[_viz_0].x = -0.22467878186049464
_viz_config[_viz_0].y = 0.3633620759376798
_viz_config[_viz_0].max_value = 1
_viz_config[_viz_0].min_value = -1
_viz_config[_viz_0].height = 0.212272599358335
_viz_1 = nengo_gui.components.Slider(stimulus1.stimulus)
_viz_config[_viz_1].label_visible = True
_viz_config[_viz_1].width = 0.16609247089689433
_viz_config[_viz_1].x = -0.23591208917441922
_viz_config[_viz_1].y = 1.0359189279590606
_viz_config[_viz_1].max_value = 1
_viz_config[_viz_1].min_value = -1
_viz_config[_viz_1].height = 0.21227259126077827
_viz_2 = nengo_gui.components.HTMLView(plot)
_viz_config[_viz_2].label_visible = True
_viz_config[_viz_2].width = 0.49782798006973145
_viz_config[_viz_2].height = 0.43020130162583664
_viz_config[_viz_2].y = 1.737903674059284
_viz_config[_viz_2].x = -0.12071765573666
_viz_3 = nengo_gui.components.Value(dot_product_output)
_viz_config[_viz_3].synapse = 0.01
_viz_config[_viz_3].max_value = 1
_viz_config[_viz_3].min_value = -1
_viz_config[_viz_3].legend_labels = [u'label_0']
_viz_config[_viz_3].height = 0.4554622378143901
_viz_config[_viz_3].label_visible = True
_viz_config[_viz_3].width = 0.35883295321694614
_viz_config[_viz_3].show_legend = False
_viz_config[_viz_3].y = 1.6727582818625935
_viz_config[_viz_3].x = 0.9362050685808665
_viz_ace_editor = nengo_gui.components.AceEditor()
_viz_net_graph = nengo_gui.components.NetGraph()
_viz_sim_control = nengo_gui.components.SimControl()
_viz_config[_viz_sim_control].kept_time = 4.0
_viz_config[_viz_sim_control].shown_time = 0.5
_viz_config[dot_product_output].pos=(0.9858880610135313, 0.3581448593065061)
_viz_config[dot_product_output].size=(0.03646899251117875, 0.048240087511852645)
_viz_config[ens1].pos=(0.4994006677297158, 1.0038860027559244)
_viz_config[ens1].size=(0.06967467320261439, 0.05383952020202021)
_viz_config[ens2].pos=(0.4994006677297158, 0.35781176033168216)
_viz_config[ens2].size=(0.06967467320261439, 0.05383952020202021)
_viz_config[ens3].pos=(0.7780993605401734, 0.35781176033168216)
_viz_config[ens3].size=(0.06967467320261439, 0.05383952020202021)
_viz_config[model].pos=(0.7505443730617793, -0.07912871774095032)
_viz_config[model].size=(0.4668126560658494, 0.4668126560658494)
_viz_config[model].expanded=True
_viz_config[model].has_layout=True
_viz_config[plot].pos=(0.7780993605401734, 1.0038860027559244)
_viz_config[plot].size=(0.055739738562091516, 0.043071616161616165)
_viz_config[stimulus1].pos=(0.15102730171664386, 1.0038860027559244)
_viz_config[stimulus1].size=(0.13934934640522878, 0.21535808080808083)
_viz_config[stimulus1].expanded=False
_viz_config[stimulus1].has_layout=True
_viz_config[stimulus1.output].pos=(0.8673469387755103, 0.5)
_viz_config[stimulus1.output].size=(0.0816326530612245, 0.2222222222222222)
_viz_config[stimulus1.project].pos=(0.5, 0.5)
_viz_config[stimulus1.project].size=(0.0816326530612245, 0.2222222222222222)
_viz_config[stimulus1.stimulus].pos=(0.1326530612244898, 0.5)
_viz_config[stimulus1.stimulus].size=(0.0816326530612245, 0.2222222222222222)
_viz_config[stimulus2].pos=(0.15102730171664386, 0.35781176033168216)
_viz_config[stimulus2].size=(0.13934934640522878, 0.21535808080808083)
_viz_config[stimulus2].expanded=False
_viz_config[stimulus2].has_layout=True
_viz_config[stimulus2.output].pos=(0.8673469387755103, 0.5)
_viz_config[stimulus2.output].size=(0.0816326530612245, 0.2222222222222222)
_viz_config[stimulus2.project].pos=(0.5, 0.5)
_viz_config[stimulus2.project].size=(0.0816326530612245, 0.2222222222222222)
_viz_config[stimulus2.stimulus].pos=(0.1326530612244898, 0.5)
_viz_config[stimulus2.stimulus].size=(0.0816326530612245, 0.2222222222222222)