_viz_0 = nengo_gui.components.Slider(stimulus.stimulus)
_viz_config[_viz_0].label_visible = True
_viz_config[_viz_0].width = 0.2125346771506205
_viz_config[_viz_0].x = -0.2530922252345567
_viz_config[_viz_0].y = 0.7200238348396854
_viz_config[_viz_0].max_value = 1
_viz_config[_viz_0].min_value = -1
_viz_config[_viz_0].height = 0.15493206940430934
_viz_1 = nengo_gui.components.HTMLView(plot)
_viz_config[_viz_1].label_visible = True
_viz_config[_viz_1].width = 0.6987708838520823
_viz_config[_viz_1].height = 0.4648105458095784
_viz_config[_viz_1].y = 1.4288732051599373
_viz_config[_viz_1].x = 0.252768988545019
_viz_ace_editor = nengo_gui.components.AceEditor()
_viz_net_graph = nengo_gui.components.NetGraph()
_viz_sim_control = nengo_gui.components.SimControl()
_viz_config[_viz_sim_control].kept_time = 4.0
_viz_config[_viz_sim_control].shown_time = 0.5
_viz_config[ens].pos=(0.5982410982410983, 0.701923076923077)
_viz_config[ens].size=(0.07936507936507937, 0.1)
_viz_config[model].pos=(0.5049128307718176, -0.41122865401645525)
_viz_config[model].size=(0.6549231553528394, 0.6549231553528394)
_viz_config[model].expanded=True
_viz_config[model].has_layout=True
_viz_config[plot].pos=(0.8998283998283999, 0.701923076923077)
_viz_config[plot].size=(0.0634920634920635, 0.08)
_viz_config[stimulus].pos=(0.20742170169393376, 0.7031249999999997)
_viz_config[stimulus].size=(0.15873015300238508, 0.19326923076923078)
_viz_config[stimulus].expanded=False
_viz_config[stimulus].has_layout=True
_viz_config[stimulus.output].pos=(0.8673469387755103, 0.5)
_viz_config[stimulus.output].size=(0.0816326530612245, 0.2222222222222222)
_viz_config[stimulus.project].pos=(0.5, 0.5)
_viz_config[stimulus.project].size=(0.0816326530612245, 0.2222222222222222)
_viz_config[stimulus.stimulus].pos=(0.1326530612244898, 0.5)
_viz_config[stimulus.stimulus].size=(0.0816326530612245, 0.2222222222222222)