_viz_1 = nengo_gui.components.Slider(cos)
_viz_config[_viz_1].label_visible = True
_viz_config[_viz_1].width = 0.05138746145940392
_viz_config[_viz_1].x = 0.1684073117076286
_viz_config[_viz_1].y = 0.7092560792046692
_viz_config[_viz_1].max_value = 1
_viz_config[_viz_1].min_value = -1
_viz_config[_viz_1].height = 0.17145593138946888
_viz_2 = nengo_gui.components.Value(cos)
_viz_config[_viz_2].synapse = 0.01
_viz_config[_viz_2].max_value = 1
_viz_config[_viz_2].min_value = -1
_viz_config[_viz_2].legend_labels = [u'label_0']
_viz_config[_viz_2].height = 0.22662621793848467
_viz_config[_viz_2].label_visible = True
_viz_config[_viz_2].width = 0.138881091974467
_viz_config[_viz_2].show_legend = False
_viz_config[_viz_2].y = 0.22179341491190846
_viz_config[_viz_2].x = 0.20334187977862464
_viz_6 = nengo_gui.components.Value(neuron)
_viz_config[_viz_6].synapse = 0.01
_viz_config[_viz_6].max_value = 1
_viz_config[_viz_6].min_value = -1
_viz_config[_viz_6].legend_labels = [u'label_0']
_viz_config[_viz_6].height = 0.24147425820419094
_viz_config[_viz_6].label_visible = True
_viz_config[_viz_6].width = 0.14246482426514165
_viz_config[_viz_6].show_legend = False
_viz_config[_viz_6].y = 0.24753530303789228
_viz_config[_viz_6].x = 0.9736553177544159
_viz_7 = nengo_gui.components.Raster(neuron)
_viz_config[_viz_7].label_visible = True
_viz_config[_viz_7].width = 0.13913195057919456
_viz_config[_viz_7].y = 0.7692224969772854
_viz_config[_viz_7].x = 0.9795766065093924
_viz_config[_viz_7].n_neurons = 1
_viz_config[_viz_7].height = 0.23580206248378663
_viz_ace_editor = nengo_gui.components.AceEditor()
_viz_net_graph = nengo_gui.components.NetGraph()
_viz_sim_control = nengo_gui.components.SimControl()
_viz_config[_viz_sim_control].kept_time = 4.0
_viz_config[_viz_sim_control].shown_time = 0.5
_viz_config[cos].pos=(0.16801736510464935, 0.7693955811175494)
_viz_config[cos].size=(0.1, 0.19400826446280975)
_viz_config[model].pos=(0.05622554268727331, 0.11499308316456092)
_viz_config[model].size=(0.7757364659745798, 0.7757364659745798)
_viz_config[model].expanded=True
_viz_config[model].has_layout=True
_viz_config[neuron].pos=(0.6394640033427806, 0.7655498679981659)
_viz_config[neuron].size=(0.08547936308538644, 0.17184177744231613)